1Square
13
13
001 001 001 001 001 001 001 001 001 001 001 001 001
001 001 001 001 001 001 001 001 001 001 001 001 001
001 001 001 001 001 001 001 001 001 001 001 001 001
001 001 001 001 001 001 001 001 001 001 001 001 001 
001 001 001 001 001 001 001 001 001 001 001 001 001 
001 001 001 001 001 001 001 001 001 001 001 001 001 
001 001 001 001 001 001 001 001 001 001 001 001 001
001 001 001 001 001 001 001 001 001 001 001 001 001
001 001 001 001 001 001 001 001 001 001 001 001 001 
001 001 001 001 001 001 001 001 001 001 001 001 001
001 001 001 001 001 001 001 001 001 001 001 001 001 
001 001 001 001 001 001 001 001 001 001 001 001 001
001 001 001 001 001 001 001 001 001 001 001 001 001
2
item, 1, 50, 50
item, 1, 80, 50
2
object, 001, 200, 300
object, 003, 350, 30